# frame tid x y w h state(det|pred)
1 0 5.000 51.000 3.000 3.000 det
1 1 11.000 71.000 1.000 1.000 det
1 2 9.000 82.000 1.000 1.000 det
1 3 122.000 63.000 1.000 1.000 det
2 0 5.000 51.000 3.000 3.000 det
2 1 11.000 71.000 1.000 1.000 det
2 2 9.000 82.000 1.000 1.000 det
2 3 122.000 63.000 1.000 1.000 det
2 4 116.000 62.000 1.000 1.000 det
2 5 12.000 52.000 1.000 1.000 det
2 6 16.000 70.000 3.000 3.000 det
2 7 14.000 83.000 3.000 2.000 det
3 0 5.435 50.565 3.000 3.000 det
3 1 11.000 71.000 1.000 1.000 det
3 2 9.000 82.000 1.000 1.000 det
3 3 122.000 63.000 1.000 1.000 pred
3 4 116.000 62.000 1.000 1.000 pred
3 5 12.000 52.000 1.000 1.000 det
3 6 15.528 69.528 3.000 3.000 det
3 7 14.000 82.528 3.000 2.000 det
3 8 16.000 51.000 1.000 1.000 det
3 9 23.000 70.000 1.000 1.000 det
3 10 19.000 82.000 2.000 2.000 det
4 0 5.906 50.794 2.300 2.300 det
4 1 11.000 71.000 1.000 1.000 det
4 2 9.000 82.000 1.000 1.000 det
4 3 122.000 63.000 1.000 1.000 pred
4 5 12.000 52.000 1.000 1.000 det
4 6 15.823 69.823 2.300 2.300 det
4 7 14.700 82.823 1.600 1.300 det
4 4 116.000 62.000 1.000 1.000 pred
4 8 16.000 51.000 1.000 1.000 det
4 9 23.000 70.000 1.000 1.000 det
4 10 19.000 82.000 2.000 2.000 det
4 11 21.000 50.000 1.000 1.000 det
4 12 29.000 70.000 2.000 2.000 det
4 13 26.000 83.000 1.000 1.000 det
5 0 6.035 50.875 2.090 2.090 det
5 1 11.000 71.000 1.000 1.000 det
5 2 9.000 82.000 1.000 1.000 det
5 3 122.000 63.000 1.000 1.000 pred
5 5 12.000 52.000 1.000 1.000 det
5 6 15.929 69.929 2.090 2.090 det
5 7 14.910 82.929 1.180 1.090 det
5 8 16.000 51.000 1.000 1.000 det
5 9 23.000 70.000 1.000 1.000 det
5 10 19.000 82.000 2.000 2.000 det
5 4 116.000 62.000 1.000 1.000 pred
5 11 21.000 50.000 1.000 1.000 det
5 12 29.000 70.000 2.000 2.000 det
5 13 26.000 83.000 1.000 1.000 det
5 14 25.000 51.000 1.000 2.000 det
5 15 36.000 70.000 1.000 1.000 det
5 16 31.000 83.000 2.000 2.000 det
6 0 6.062 50.911 2.027 2.027 det
6 1 11.000 71.000 1.000 1.000 det
6 2 9.000 82.000 1.000 1.000 det
6 3 122.000 63.000 1.000 1.000 pred
6 5 12.000 52.000 1.000 1.000 det
6 6 15.966 69.966 2.027 2.027 det
6 7 14.973 82.966 1.054 1.027 det
6 8 16.000 51.000 1.000 1.000 det
6 9 23.000 70.000 1.000 1.000 det
6 10 19.000 82.000 2.000 2.000 det
6 11 21.000 50.000 1.000 1.000 det
6 12 29.000 70.000 2.000 2.000 det
6 13 26.000 83.000 1.000 1.000 det
6 4 116.000 62.000 1.000 1.000 pred
6 14 25.000 51.000 1.000 2.000 det
6 15 36.000 70.000 1.000 1.000 det
6 16 30.528 82.528 2.000 2.000 det
6 17 30.000 50.000 1.000 1.000 det
6 18 42.000 71.000 1.000 1.000 det
6 19 36.000 82.000 2.000 1.000 det
7 0 9.448 51.242 2.008 2.008 det
7 1 14.391 70.692 1.000 1.000 det
7 2 12.705 82.617 1.000 1.000 det
7 3 122.000 63.000 1.000 1.000 pred
7 5 14.606 51.348 1.000 1.000 det
7 6 20.229 69.654 2.008 2.008 det
7 7 17.925 82.655 1.016 1.008 det
7 8 19.545 50.291 1.000 1.000 det
7 9 27.612 70.355 1.000 1.000 det
7 10 23.612 82.355 2.000 2.000 det
7 11 24.157 51.184 1.000 1.000 det
7 12 34.132 69.605 2.000 2.000 det
7 13 30.342 83.395 1.000 1.000 det
7 14 29.346 49.696 1.000 2.000 det
7 15 41.215 70.869 1.000 1.000 det
7 16 35.604 81.954 1.300 1.300 det
7 4 111.022 61.004 1.000 1.000 det
7 17 33.776 50.000 1.000 1.000 det
7 18 47.664 71.000 1.000 1.000 det
7 19 41.192 82.944 2.000 1.000 det
8 0 13.918 51.167 1.302 1.302 det
8 1 15.198 70.237 1.700 1.700 pred
8 2 17.326 82.630 1.000 1.000 det
8 3 122.000 63.000 1.000 1.000 pred
8 4 110.707 60.941 1.000 1.000 det
8 5 18.936 50.421 1.000 1.000 det
8 6 22.553 69.860 1.302 1.302 det
8 7 23.029 82.470 1.705 1.702 det
8 8 23.626 50.979 1.000 1.000 det
8 9 29.161 70.151 1.700 1.700 det
8 10 29.481 83.180 1.300 1.300 det
8 11 28.795 50.180 1.000 1.700 det
8 12 36.255 69.819 1.300 1.300 det
8 13 35.039 82.117 1.700 1.700 det
8 14 33.713 49.683 1.000 1.300 det
8 15 42.666 71.111 1.000 1.000 det
8 16 41.031 82.607 1.790 1.090 det
8 17 38.561 50.000 1.000 1.000 det
8 18 48.322 71.000 1.000 1.000 det
8 19 46.491 82.184 1.300 1.000 det
9 0 19.066 50.438 1.091 1.091 det
9 1 16.354 70.131 1.700 1.700 pred
9 2 23.261 82.563 1.700 1.700 det
9 3 122.000 63.000 1.000 1.000 pred
9 4 109.987 60.797 1.000 1.000 pred
9 5 23.439 50.890 1.000 1.000 det
9 6 27.421 70.206 1.091 1.091 det
9 7 29.303 83.125 1.211 1.211 det
9 8 28.508 50.042 1.000 1.700 det
9 9 33.806 69.792 1.910 1.910 det
9 10 34.431 82.517 1.790 1.790 det
9 11 33.209 50.113 1.000 1.210 det
9 12 40.826 70.533 1.090 1.090 det
9 13 40.458 82.619 1.910 1.210 det
9 14 38.587 49.716 1.000 1.090 det
9 15 47.206 71.159 1.000 1.000 det
9 16 46.621 82.160 1.237 1.027 det
9 17 42.923 49.211 1.000 1.000 det
9 18 58.589 72.581 1.000 1.000 det
9 19 50.957 81.152 1.090 1.000 det
9 20 83.000 59.000 1.000 1.000 det
10 0 23.867 50.941 1.027 1.027 det
10 1 17.510 70.026 1.700 1.700 pred
10 2 29.836 83.245 1.210 1.210 det
10 3 122.000 63.000 1.000 1.000 pred
10 4 109.267 60.653 1.000 1.000 pred
10 5 28.540 49.941 1.000 1.700 det
10 6 33.345 69.733 1.727 1.727 det
10 7 34.518 82.446 1.763 1.763 det
10 8 33.104 49.989 1.000 1.210 det
10 9 39.947 70.570 1.273 1.273 det
10 10 39.900 82.511 2.637 1.937 det
10 11 38.110 50.033 1.000 1.063 det
10 12 46.453 70.865 1.027 1.027 det
10 13 46.146 82.215 1.273 1.063 det
10 14 42.957 49.109 1.000 1.027 det
10 15 57.484 72.466 1.000 1.000 det
10 16 51.204 81.325 1.071 1.008 det
10 17 47.753 49.646 1.000 1.000 det
10 18 66.321 72.413 1.000 1.000 det
10 19 57.928 80.820 1.027 1.000 det
10 20 83.000 59.000 1.000 1.000 det
10 21 72.000 58.000 1.000 2.000 det
11 0 28.997 49.998 1.008 1.708 det
11 1 18.666 69.921 1.700 1.700 pred
11 2 35.366 82.238 1.763 1.763 det
11 3 122.000 63.000 1.000 1.000 pred
11 4 108.547 60.509 1.000 1.000 pred
11 5 33.241 49.890 1.000 1.210 det
11 6 40.193 70.514 1.218 1.218 det
11 7 40.108 82.446 2.629 1.929 det
11 8 38.094 49.924 1.000 1.063 det
11 9 46.343 70.906 1.082 1.082 det
11 10 46.053 82.273 1.491 1.281 det
11 11 42.612 49.387 1.000 1.019 det
11 12 57.094 72.275 1.008 1.008 det
11 13 50.906 81.410 1.082 1.019 det
11 14 47.721 49.467 1.000 1.008 det
11 15 65.694 72.411 1.000 1.000 det
11 16 57.844 80.953 1.021 1.002 det
11 17 51.432 49.202 1.000 1.000 det
11 18 73.030 72.290 1.000 1.000 det
11 19 63.781 82.036 1.008 1.000 det
11 20 83.000 59.000 1.000 1.000 det
11 21 72.000 57.528 1.000 2.000 det
11 22 67.000 61.000 1.000 1.000 det
12 0 33.629 49.937 1.002 1.212 det
12 1 19.823 69.816 1.700 1.700 pred
12 2 41.046 82.714 1.929 1.229 det
12 3 122.000 63.000 1.000 1.000 pred
12 4 107.827 60.365 1.000 1.000 pred
12 5 38.258 49.844 1.000 1.063 det
12 6 46.838 70.874 1.065 1.065 det
12 7 46.278 82.216 1.489 1.279 det
12 8 42.657 49.313 1.000 1.019 det
12 9 57.419 72.302 1.025 1.025 det
12 10 50.994 81.481 1.147 1.084 det
12 11 47.468 49.634 1.000 1.006 det
12 12 65.681 72.331 1.002 1.002 det
12 13 57.562 81.003 1.025 1.006 det
12 14 51.486 49.101 1.000 1.002 det
12 15 72.756 72.317 1.000 1.000 det
12 16 63.686 81.992 1.006 1.001 det
12 17 57.085 49.615 1.000 1.000 det
12 18 79.297 71.579 1.000 1.000 det
12 19 69.141 83.266 1.002 1.000 det
12 20 83.000 59.000 1.000 1.000 det
12 21 72.000 57.823 1.000 1.300 det
12 22 67.000 61.000 1.000 1.000 det
13 0 38.548 49.876 1.001 1.064 det
13 1 20.979 69.711 1.700 1.700 pred
13 2 46.766 82.303 1.279 1.069 det
13 4 107.107 60.221 1.000 1.000 pred
13 5 42.808 49.253 1.000 1.019 det
13 6 52.287 71.089 1.020 1.020 pred
13 7 51.181 81.430 1.147 1.084 det
13 8 47.533 49.574 1.000 1.006 det
13 9 62.135 72.945 1.007 1.007 det
13 10 57.693 81.046 1.044 1.025 det
13 11 51.347 49.222 1.000 1.002 det
13 12 72.880 72.277 1.001 1.001 det
13 13 63.493 81.983 1.007 1.002 det
13 14 57.042 49.508 1.000 1.001 det
13 15 79.224 71.623 1.000 1.000 det
13 16 69.089 83.167 1.002 1.000 det
13 17 61.307 50.432 1.000 1.000 det
13 18 85.957 71.203 1.000 1.000 det
13 19 74.860 85.070 1.001 1.000 det
13 20 83.000 59.000 1.000 1.000 pred
13 21 68.053 60.297 1.000 1.090 det
13 22 67.000 70.563 1.000 1.000 det
14 0 43.014 49.278 1.000 1.019 det
14 1 22.135 69.606 1.700 1.700 pred
14 2 51.450 81.472 1.084 1.021 det
14 4 106.387 60.077 1.000 1.000 pred
14 5 47.657 49.534 1.000 1.006 det
14 6 60.203 72.585 1.020 1.020 det
14 7 57.855 81.013 1.044 1.025 det
14 8 51.419 49.183 1.000 1.002 det
14 9 67.459 72.590 1.002 1.002 det
14 10 63.161 80.634 1.013 1.008 pred
14 11 56.943 49.574 1.000 1.001 det
14 12 79.364 71.585 1.000 1.000 det
14 13 68.977 83.139 1.002 1.001 det
14 14 61.295 50.329 1.000 1.000 det
14 15 85.974 71.233 1.000 1.000 det
14 16 74.822 84.953 1.001 1.000 det
14 17 65.932 51.442 1.000 1.000 det
14 18 92.240 70.430 1.000 1.000 det
14 19 80.184 86.553 1.000 1.000 det
14 20 83.000 59.000 1.000 1.000 pred
14 21 65.924 61.561 1.000 1.027 pred
14 22 71.741 73.217 1.000 1.000 det
15 0 47.788 49.543 1.000 1.006 det
15 1 23.291 69.501 1.700 1.700 pred
15 2 57.990 81.043 1.025 1.006 det
15 4 105.667 59.933 1.000 1.000 pred
15 5 51.510 49.158 1.000 1.002 det
15 6 66.748 72.425 1.006 1.006 det
15 7 63.425 80.586 1.013 1.008 pred
15 8 57.000 49.548 1.000 1.001 det
15 9 73.118 72.341 1.001 1.001 det
15 10 68.871 82.983 1.013 1.008 det
15 11 61.247 50.357 1.000 1.000 det
15 12 86.102 71.204 1.000 1.000 det
15 13 74.762 84.922 1.001 1.000 det
15 14 65.924 51.358 1.000 1.000 det
15 15 92.294 70.446 1.000 1.000 det
15 16 80.167 86.462 1.000 1.000 det
15 17 70.213 53.107 1.000 1.000 det
15 18 98.323 69.458 1.000 1.000 det
15 19 85.866 87.260 1.000 1.000 det
15 20 79.366 69.902 1.000 1.000 det
15 21 63.795 62.793 1.000 1.027 pred
15 22 74.298 77.980 1.000 1.000 pred
16 0 51.595 49.164 1.000 1.002 det
16 1 24.447 69.396 1.700 1.700 pred
16 2 63.557 80.640 1.008 1.002 pred
16 4 104.946 59.789 1.000 1.000 pred
16 5 57.063 49.535 1.000 1.001 det
16 6 73.001 72.314 1.002 1.002 det
16 7 68.974 82.987 1.013 1.008 det
16 8 61.293 50.341 1.000 1.000 det
16 9 78.963 71.581 1.000 1.000 det
16 10 74.400 83.350 1.004 1.002 pred
16 11 65.904 51.365 1.000 1.000 det
16 12 92.384 70.414 1.000 1.000 det
16 13 80.143 86.438 1.000 1.000 det
16 14 70.213 53.038 1.000 1.000 det
16 15 98.383 69.461 1.000 1.000 det
16 16 85.856 87.209 1.000 1.000 det
16 17 74.865 54.539 1.000 1.000 det
16 18 104.694 68.892 1.000 1.000 pred
16 19 91.183 86.964 1.000 1.000 det
16 20 83.393 71.587 1.000 1.000 det
16 21 61.666 64.026 1.000 1.027 pred
16 22 75.287 85.497 1.000 1.000 det
17 0 57.100 49.532 1.000 1.001 det
17 1 25.604 69.291 1.700 1.700 pred
17 2 69.018 82.999 1.008 1.002 det
17 4 98.086 68.871 1.000 1.000 det
17 5 61.333 50.335 1.000 1.000 det
17 6 79.111 71.635 1.001 1.001 det
17 7 74.814 84.962 1.004 1.002 det
17 8 65.937 51.355 1.000 1.000 det
17 9 85.495 71.169 1.000 1.000 det
17 10 79.975 86.149 1.004 1.002 det
17 11 70.212 53.030 1.000 1.000 det
17 12 94.818 70.007 1.000 1.000 det
17 13 85.850 87.195 1.000 1.000 det
17 14 74.865 54.493 1.000 1.000 det
17 15 104.818 68.887 1.000 1.000 pred
17 16 91.182 86.950 1.000 1.000 det
17 17 79.733 55.245 1.000 1.000 det
17 18 111.066 68.325 1.000 1.000 pred
17 19 96.855 86.116 1.000 1.000 det
17 20 83.924 74.068 1.000 1.000 pred
17 21 59.538 65.258 1.000 1.027 pred
17 22 77.338 91.151 1.000 1.000 pred
18 0 61.350 50.327 1.000 1.000 det
18 2 74.822 84.962 1.002 1.001 det
18 4 97.501 69.308 1.000 1.000 det
18 5 65.959 51.354 1.000 1.000 det
18 6 85.717 71.243 1.000 1.000 det
18 7 80.188 86.477 1.001 1.001 det
18 8 70.233 53.024 1.000 1.000 det
18 9 91.802 70.386 1.000 1.000 det
18 10 85.807 87.047 1.001 1.001 det
18 11 74.871 54.481 1.000 1.000 det
18 12 102.450 68.077 1.000 1.000 det
18 13 91.187 86.944 1.000 1.000 det
18 14 79.731 55.222 1.000 1.000 det
18 15 111.077 67.374 1.000 1.000 det
18 16 96.855 86.125 1.000 1.000 det
18 17 84.160 56.079 1.000 1.000 det
18 18 117.084 67.963 1.000 1.000 det
18 19 102.173 84.997 1.000 1.000 det
18 20 84.455 76.549 1.000 1.000 pred
18 21 57.409 66.490 1.000 1.027 pred
18 22 79.389 96.805 1.000 1.000 pred
19 0 65.962 51.343 1.000 1.000 det
19 2 80.181 86.474 1.001 1.000 det
19 4 97.306 69.458 1.000 1.000 det
19 5 70.244 53.025 1.000 1.000 det
19 6 92.025 70.463 1.000 1.000 det
19 7 85.890 87.211 1.000 1.000 det
19 8 74.883 54.479 1.000 1.000 det
19 9 101.467 68.232 1.000 1.000 det
19 10 91.182 86.862 1.000 1.000 det
19 11 79.739 55.213 1.000 1.000 det
19 12 109.957 67.086 1.000 1.000 det
19 13 96.863 86.124 1.000 1.000 det
19 14 84.160 56.070 1.000 1.000 det
19 15 117.189 67.421 1.000 1.000 det
19 16 102.176 85.016 1.000 1.000 det
19 17 88.880 55.329 1.000 1.000 det
19 18 123.144 68.401 1.000 1.000 det
19 19 107.845 83.781 1.000 1.000 det
19 20 84.986 79.030 1.000 1.000 pred
19 21 55.280 67.723 1.000 1.027 pred
19 22 81.439 102.459 1.000 1.000 pred
20 0 70.241 53.014 1.000 1.000 det
20 2 85.877 87.210 1.000 1.000 det
20 4 97.363 69.429 1.000 1.000 det
20 5 74.887 54.480 1.000 1.000 det
20 6 101.592 68.319 1.000 1.000 det
20 7 91.214 86.940 1.000 1.000 det
20 8 79.745 55.212 1.000 1.000 det
20 9 110.032 67.113 1.000 1.000 det
20 10 96.882 86.090 1.000 1.000 det
20 11 84.168 56.063 1.000 1.000 det
20 12 116.763 67.227 1.000 1.000 det
20 13 102.185 85.019 1.000 1.000 det
20 14 88.880 55.333 1.000 1.000 det
20 15 123.218 68.061 1.000 1.000 det
20 16 107.847 83.801 1.000 1.000 det
20 17 93.220 54.221 1.000 1.000 det
20 18 129.161 69.192 1.000 1.000 det
20 19 113.166 82.557 1.000 1.000 det
20 20 85.517 81.510 1.000 1.000 pred
20 21 53.151 68.955 1.000 1.027 pred
20 22 83.490 108.112 1.000 1.000 pred
21 0 74.881 54.471 1.000 1.000 det
21 2 91.461 88.155 1.000 1.000 pred
21 4 101.171 68.103 1.000 1.000 det
21 5 79.745 55.214 1.000 1.000 det
21 6 110.103 67.178 1.000 1.000 det
21 7 96.883 86.107 1.000 1.000 det
21 8 84.171 56.063 1.000 1.000 det
21 9 117.267 67.199 1.000 1.000 det
21 10 102.209 85.009 1.000 1.000 det
21 11 88.887 55.331 1.000 1.000 det
21 12 123.150 67.984 1.000 1.000 det
21 13 107.855 83.805 1.000 1.000 det
21 14 93.221 54.232 1.000 1.000 det
21 15 129.197 69.042 1.000 1.000 det
21 16 113.169 82.575 1.000 1.000 det
21 17 98.171 52.120 1.000 1.000 det
21 18 131.000 69.247 1.000 1.000 pred
21 19 118.839 81.366 1.000 1.000 det
21 20 90.675 85.870 1.000 1.000 det
21 21 51.022 70.187 1.000 1.027 pred
21 22 85.541 113.766 1.000 1.000 pred
21 23 28.000 62.000 1.000 1.000 det
22 0 79.738 55.208 1.000 1.000 det
22 2 97.012 86.160 1.000 1.000 det
22 4 107.781 67.288 1.000 1.000 det
22 5 84.169 56.065 1.000 1.000 det
22 6 117.324 67.227 1.000 1.000 det
22 7 102.196 84.996 1.000 1.000 det
22 8 88.887 55.332 1.000 1.000 det
22 9 123.763 67.938 1.000 1.000 det
22 10 107.878 83.805 1.000 1.000 det
22 11 93.226 54.232 1.000 1.000 det
22 12 129.295 69.048 1.000 1.000 det
22 13 113.175 82.578 1.000 1.000 det
22 14 98.171 52.133 1.000 1.000 det
22 15 131.000 69.197 1.000 1.000 pred
22 16 118.841 81.379 1.000 1.000 det
22 17 102.013 49.732 1.700 1.700 det
22 18 131.000 69.301 1.000 1.000 pred
22 19 124.164 80.774 1.000 1.000 det
22 20 92.094 88.712 1.000 1.000 pred
22 21 48.894 71.420 1.000 1.027 pred
22 22 87.592 119.420 1.000 1.000 pred
22 23 28.000 62.000 1.000 1.000 det
22 24 6.000 56.000 1.000 1.000 det
23 0 84.164 56.062 1.000 1.000 det
23 2 102.235 84.930 1.000 1.000 det
23 4 114.828 67.570 1.000 1.000 det
23 5 88.885 55.333 1.000 1.000 det
23 6 123.813 67.936 1.000 1.000 det
23 7 107.861 83.784 1.000 1.000 det
23 8 93.226 54.234 1.000 1.000 det
23 9 129.849 69.010 1.000 1.000 det
23 10 113.193 82.582 1.000 1.000 det
23 11 97.895 52.421 1.000 1.000 det
23 12 131.000 69.277 1.000 1.000 pred
23 13 118.845 81.382 1.000 1.000 det
23 14 102.014 49.744 1.700 1.700 det
23 15 131.000 69.352 1.000 1.000 pred
23 16 124.165 80.783 1.000 1.000 det
23 17 106.845 48.911 1.210 1.210 det
23 18 131.000 69.355 1.000 1.000 pred
23 19 129.283 78.883 1.000 1.000 det
23 20 93.513 91.555 1.000 1.000 pred
23 21 46.765 72.652 1.000 1.027 pred
23 22 89.643 125.074 1.000 1.000 pred
23 23 28.000 62.000 1.000 1.000 det
23 24 6.000 56.000 1.000 1.000 det
23 25 0.000 55.000 1.000 1.000 det
24 0 88.881 55.333 1.000 1.000 det
24 2 107.876 83.736 1.000 1.000 det
24 4 121.687 68.431 1.000 1.000 det
24 5 93.224 54.235 1.000 1.000 det
24 6 129.889 68.992 1.000 1.000 det
24 7 113.177 82.561 1.000 1.000 det
24 8 97.894 52.422 1.000 1.000 det
24 9 131.000 69.203 1.000 1.000 pred
24 10 118.859 81.387 1.000 1.000 det
24 11 102.208 50.260 1.000 1.000 det
24 12 131.000 69.506 1.000 1.000 pred
24 13 124.168 80.784 1.000 1.000 det
24 14 106.845 48.919 1.210 1.210 det
24 15 131.000 69.508 1.000 1.000 pred
24 16 129.285 78.889 1.000 1.000 det
24 17 111.742 47.945 1.063 1.063 det
24 18 131.000 69.410 1.000 1.000 pred
24 19 131.000 77.747 1.000 1.000 pred
24 20 94.932 94.397 1.000 1.000 pred
24 22 91.693 130.728 1.000 1.000 pred
24 23 28.000 62.000 1.000 1.000 pred
24 24 6.000 56.000 1.000 1.000 det
24 25 0.000 55.000 1.000 1.000 det
25 0 93.221 54.236 1.000 1.000 det
25 2 113.176 82.541 1.000 1.000 det
25 4 128.279 69.514 1.000 1.000 det
25 5 98.171 52.138 1.000 1.000 det
25 6 131.000 69.165 1.000 1.000 pred
25 7 118.846 81.370 1.000 1.000 det
25 8 102.207 50.261 1.000 1.000 det
25 9 131.000 69.396 1.000 1.000 pred
25 10 124.177 80.791 1.000 1.000 det
25 11 106.871 49.108 1.000 1.000 det
25 12 131.000 69.734 1.000 1.000 pred
25 13 129.286 78.890 1.000 1.000 det
25 14 111.743 47.950 1.063 1.063 det
25 15 131.000 69.663 1.000 1.000 pred
25 16 131.000 77.755 1.000 1.000 pred
25 17 116.166 48.061 1.019 1.019 det
25 18 131.000 69.464 1.000 1.000 pred
25 19 131.000 76.612 1.000 1.000 pred
25 20 96.350 97.239 1.000 1.000 pred
25 22 93.744 131.000 1.000 1.000 pred
25 23 18.050 60.191 1.000 1.000 det
25 24 6.000 56.000 1.000 1.000 det
25 25 0.000 55.000 1.000 1.000 det
26 0 98.169 52.140 1.000 1.000 det
26 2 118.839 81.366 1.000 1.000 det
26 4 131.000 70.054 1.000 1.000 pred
26 5 102.014 49.748 1.700 1.700 det
26 6 131.000 69.338 1.000 1.000 pred
26 7 124.168 80.777 1.000 1.000 det
26 8 106.870 49.109 1.000 1.000 det
26 9 131.000 69.589 1.000 1.000 pred
26 10 129.291 78.894 1.000 1.000 det
26 11 111.741 48.017 1.000 1.000 det
26 12 131.000 69.963 1.000 1.000 pred
26 13 131.000 77.757 1.000 1.000 pred
26 14 116.166 47.785 1.019 1.019 det
26 15 131.000 69.818 1.000 1.000 pred
26 16 131.000 76.621 1.000 1.000 pred
26 17 120.730 47.353 1.006 1.006 pred
26 18 131.000 69.518 1.000 1.000 pred
26 19 131.000 75.476 1.000 1.000 pred
26 20 97.769 100.082 1.000 1.000 pred
26 22 95.795 131.000 1.000 1.000 pred
26 23 14.375 59.523 1.000 1.000 pred
26 24 6.000 56.000 1.000 1.000 det
26 25 0.000 55.000 1.000 1.000 det
27 0 102.013 49.750 1.700 1.700 det
27 2 124.158 80.783 1.000 1.000 det
27 4 131.000 70.594 1.000 1.000 pred
27 5 106.845 48.922 1.210 1.210 det
27 6 131.000 69.511 1.000 1.000 pred
27 7 129.285 78.886 1.000 1.000 det
27 8 111.741 48.017 1.000 1.000 det
27 9 131.000 69.782 1.000 1.000 pred
27 10 131.000 77.764 1.000 1.000 pred
27 11 116.170 47.524 1.000 1.000 det
27 12 131.000 70.192 1.000 1.000 pred
27 13 131.000 76.624 1.000 1.000 pred
27 14 120.730 46.641 1.006 1.706 pred
27 15 131.000 69.974 1.000 1.000 pred
27 16 131.000 75.488 1.000 1.000 pred
27 17 124.729 47.590 1.006 1.006 det
27 18 131.000 69.573 1.000 1.000 pred
27 19 131.000 74.341 1.000 1.000 pred
27 20 99.188 102.924 1.000 1.000 pred
27 23 10.700 58.854 1.000 1.000 pred
27 24 5.675 55.675 1.000 1.000 det
27 25 0.000 55.000 1.000 1.000 det
28 0 106.844 48.923 1.210 1.210 det
28 2 129.275 78.891 1.000 1.000 det
28 4 131.000 71.133 1.000 1.000 pred
28 5 111.742 47.951 1.063 1.063 det
28 6 131.000 69.684 1.000 1.000 pred
28 7 131.000 77.752 1.000 1.000 pred
28 8 116.169 47.524 1.000 1.000 det
28 9 131.000 69.975 1.000 1.000 pred
28 10 131.000 76.633 1.000 1.000 pred
28 11 120.049 45.915 2.400 2.400 pred
28 12 131.000 70.421 1.000 1.000 pred
28 13 131.000 75.490 1.000 1.000 pred
28 14 124.729 47.111 1.006 1.706 det
28 15 131.000 70.129 1.000 1.000 pred
28 16 131.000 74.354 1.000 1.000 pred
28 17 128.785 46.437 1.702 2.402 pred
28 18 131.000 69.627 1.000 1.000 pred
28 19 131.000 73.205 1.000 1.000 pred
28 20 100.607 105.766 1.000 1.000 pred
28 23 7.025 58.186 1.000 1.000 pred
28 24 5.206 54.506 1.700 3.100 pred
28 25 0.000 55.000 1.000 1.000 det
29 0 111.742 47.952 1.063 1.063 det
29 2 131.000 77.765 1.000 1.000 pred
29 4 131.000 71.673 1.000 1.000 pred
29 5 116.166 47.508 1.019 1.019 det
29 6 131.000 69.857 1.000 1.000 pred
29 7 131.000 76.618 1.000 1.000 pred
29 8 120.048 45.915 2.400 2.400 pred
29 9 131.000 70.168 1.000 1.000 pred
29 10 131.000 75.503 1.000 1.000 pred
29 11 124.043 46.624 2.400 2.400 det
29 12 131.000 70.650 1.000 1.000 pred
29 13 131.000 74.357 1.000 1.000 pred
29 14 128.785 46.204 1.702 2.612 pred
29 15 131.000 70.284 1.000 1.000 pred
29 16 131.000 73.220 1.000 1.000 pred
29 17 131.000 45.981 1.000 2.402 pred
29 18 131.000 69.681 1.000 1.000 pred
29 19 131.000 72.070 1.000 1.000 pred
29 20 102.025 108.608 1.000 1.000 pred
29 23 3.349 57.518 1.000 1.000 pred
29 24 5.087 54.387 1.700 3.100 pred
29 25 0.000 55.000 1.000 1.000 pred
